> gi|108885074|ref|NC_000908.2|
    3412      3388        26
    3721      3697        23
    4289      4265        24
    4820      4811        22
    5541      5532        20
    7047      7038        20
    7197      7188        20
   11548     11524        20
   19067     15287       166
   21020     17250        26
  331358     18152        21
   27619     23845        21
   30035     26261        26
   30313     26548        20
   34078     29651        29
   34549     30122        24
   36138     31703        20
   38274     33833        20
   54621     42086        22
   56770     44232        26
   63301     46074        20
   65682     48437        21
   70569     50005        39
   72157     51593        27
   72595     52031        23
   73783     53201        20
   74569     53999        20
   77800     57132        20
   79753     59082        20
   79826     59155        22
   93051     70392        92
  100493     77611        26
  103419     80523        20
  104328     81436        20
  590552     84580        21
  251562     89401        20
  252102     89920        32
  252447     90259        20
  252984     90790        20
  254097     91386        26
  255124     92413        21
  256798     94093        20
  257212     94507        20
  257765     95060        20
  258284     95579        20
  258989     96284        20
  259254     96549        24
  259512     96807        24
  260187     97479        23
  265270    102506        20
  265866    103105        22
  267753    105001        20
  269014    106262        26
  233769    106804        21
  271313    108526        23
  271631    108844        26
  271984    109197        20
  272065    109278        25
  273469    110682        20
  277261    114422        28
  277614    114775        23
  279121    116269        23
  279403    116551        20
  281244    118352        20
  283641    120671        20
  287847    124870        20
  289103    126126        21
  291636    128656        23
  291722    128742        20
  292346    129366        20
  294777    131781        23
  294969    131973        28
  295855    132856        24
  297044    134053        20
  297772    134781        20
  300876    137876        20
  300930    137930        20
  301704    138703        20
  302965    139964        26
  303712    140718        20
  308251    145228        21
  312268    149211        35
  313771    150696        22
  313984    150909        23
  318944    155807        22
  324896    159013        20
  324924    159041        38
  326814    160920        20
  326862    160969        20
  329757    163864        20
  329808    163915        23
  331420    165531        23
  331504    165615        20
  331714    165825        23
  331933    166044        23
  332353    166464        20
  182793    169477        21
  182793    169480        21
  182793    169483        21
  182793    169486        21
  182793    169489        21
  182793    169492        21
  182793    169495        21
  182793    169498        21
  182793    169501        21
  118278    169975        40
  118313    170011        69
  118390    170088        71
  118462    170160        26
  118502    170200        63
  118573    170271       158
  118733    170431        34
  118801    170499       155
  118959    170657       187
  119156    170854       281
  119456    171154        88
  119550    171248        22
  119573    171271        48
  119623    171321       114
  119741    171441        90
  119934    171600        21
  119967    171633        21
  119997    171667        40
  120034    171706        65
  120100    171772        39
  120238    171910        28
  120267    171939        65
  120341    172013        22
  120379    172051        28
  120412    172084        25
  120473    172145       262
  120755    172427        54
  120810    172482       119
  120930    172602        98
  121029    172701       231
  121263    172937        83
  121347    173021       102
  121450    173124        71
  121553    173227        39
  121615    173289        23
  121639    173314        25
  121680    173355       121
  121802    173477       128
  121937    173616       222
  122168    173847        25
  122228    173907        20
  122274    173953        71
  122346    174025        34
  122396    174075        22
  122419    174098        45
  122465    174144       224
  122708    174387        23
  122745    174424       112
  122884    174567        77
  122985    174671        22
  123039    174725        28
  202381    175803        22
  202908    176330        20
  203139    176561        23
  204717    178139        20
  208382    181686        26
  215940    188556        21
  220202    192117        26
  221033    192942        23
  221077    192986        23
  222617    194474        20
  224888    197004        24
  224981    197097        20
  225041    197157        27
  226708    198796        20
  226990    199078        20
  227943    200024        20
  228261    200342        23
  228840    200921        20
  229666    201747        22
  230098    202179        21
  230888    202945        22
  231686    203756        20
  232012    204082        20
  232587    204667        20
  234622    206699        23
  238098    210133        23
  239416    211443        21
  239690    211726        23
  338240    211917        21
  173413    216953        23
  175346    218908        20
  175847    219409        20
  180390    221105        22
  182793    224534        21
  182793    227130        21
  182793    227133        21
  182793    227136        21
  182793    227139        21
  182793    227142        21
  182793    227145        21
  137782    234064        25
  138160    234442        21
  151305    236116        33
  151498    236301        20
  152448    237236        34
   26172    237359        26
  155719    239560        23
  156291    240145        32
  156359    240213        65
  158429    242279        22
  158533    242383        20
    5317    242684        20
  159331    243175        20
  161232    245044        20
  161280    245092        20
  161664    245476        26
  348404    248006        20
  351765    250845        20
  354363    253381        22
  356354    255275        20
  357616    256534        20
  358238    257153        24
  358263    257178        59
  358361    257259        87
  358452    257349        26
  358479    257376        32
  358554    257461        41
  358654    257558        53
  358710    257615        38
  358779    257685        29
  358836    257742        74
  358911    257818        77
   60909    262585        21
  368987    262681        23
  370295    263989        33
  373079    266419        82
  376644    269871        23
  377844    271041        20
  378240    271428        29
  380746    273872        20
  382282    275408        23
  382558    275684        23
  382657    275783        20
  383130    276257        24
  384527    277649        28
  385556    278678        39
  387274    280339        20
  391194    284262        24
  391252    284320        20
  391399    284467        20
  392281    285349        20
  392386    285454        23
  399421    286849        21
  399627    287035        29
  401426    288834        26
  401522    288930        20
  406257    291994        20
  406338    292075        26
  417181    294562        26
  417782    295158        24
  418723    296095        27
  418991    296363        20
  419111    296483        26
  422242    299558        23
  423491    300805        23
  425331    302642        23
  427575    304892        55
  429310    306643        21
  429451    306759        55
  430657    307959        22
  430988    308290        20
  242079    310607        29
  239687    310787        26
  491237    311355        20
  240779    311705        22
  243933    312251        21
  335246    312315        21
  435173    312320        20
  617112    312668        22
  453260    315301        60
  453431    315476        20
  458855    320903        30
  460390    322439        21
  460744    322793        20
  461042    323091        20
  461303    323352        20
  463869    325919        21
  463896    325946        41
  465006    327003        23
  466103    328100        20
  468334    330318        33
  470376    332230        24
  470920    332774        23
  473666    335527        22
  474631    336492        24
  477149    339007        22
  478216    340074        23
  482285    343884        44
  482364    343964        31
  482405    344005        53
  482459    344059        67
  482567    344170        78
  482646    344248        39
  482686    344288        51
  483826    345479        23
  484024    345677        26
  485413    347154        23
  487164    348898        20
  487390    349124        80
  182793    351454        21
  182793    351457        21
  182793    351460        21
  182793    351463        21
  504809    358976        22
  505843    360013        20
  686804    361249        20
  510108    364270        26
  511769    365757        20
  512162    366150        20
  516609    369720        20
  520867    373981        21
  522183    375265        20
  522768    375850        20
  522861    375943        29
  523005    376087        23
  523185    376267        20
  523948    377056        22
  531616    380502        23
  528002    380902        25
  536841    381811        21
  537862    382832        22
  539857    384632        23
  543249    387861        24
  543291    387903        25
  545969    390980        26
  546167    391139        20
  554741    399461        20
  555142    399868        55
  555198    399924        35
  555148    399966        21
  555255    399981        29
  557361    401920        23
  562067    403143        22
  562094    403170        51
  562144    403221        20
  562174    403251        50
  562270    403341        41
  562312    403383        77
  562395    403467        56
  562470    403543        81
  562556    403627        75
  563532    404600        20
  563901    404969        23
  571473    406181        43
  571521    406230        21
  571552    406262        57
  571720    406428        21
  571742    406450        34
  571872    406589        20
  572172    406890        42
  573384    408087        20
  573429    408132        23
  574169    408872        20
  575425    410136        21
  586251    419812        27
  586499    420060        20
  586610    420171        20
  597716    427999        24
  182793    429306        21
  182793    429309        21
  182793    429312        21
  182793    429315        21
  630346    432516        20
  631591    433761        20
  631845    434015        24
  632371    434553        20
  633118    435300        20
  633619    435801        29
  633895    436077        23
  634254    436436        30
  639200    440363        23
  640454    441615        20
  641459    442620        20
  642431    443592        20
  642725    443887        20
  642796    443958        23
  643236    444398        36
  643910    445075        84
  644054    445213        20
  644290    445509        31
  644747    445966        22
  644970    446178        36
  645019    446229        37
  646469    446444        23
  142579    448326        21
  648912    448783       113
  650468    450288        20
  650981    450783        20
  652268    452076        20
  652532    452340        20
  653981    453786        21
  657523    457353        20
  659698    459530        33
  659746    459579        22
  660445    460266        24
  660542    460363        26
  660620    460441        20
  664127    463948        23
  664607    464428        23
  665323    465148        26
  665756    465581        20
  666203    466028        23
  666544    466369        27
  669664    469488        33
  672037    471855        20
  675164    474995        20
  680346    480185        22
  680437    480277        23
  683224    482068        21
  684326    483170        23
  687194    484554        20
  687491    484856        20
  691997    491277        22
  692045    491325        23
  692475    491754        23
  696692    495984        20
  697103    496395        20
  697612    496896        23
  699100    497501        23
  724936    508219        23
  728433    511737        23
  728706    512010        26
  729257    512561        20
  732690    516015        23
  740075    522121        20
  742942    524752        23
  743485    525295        20
  744355    526165        23
  747743    529533        20
  751223    533040        24
  751248    533065        23
  754575    536350        30
  756315    538090        22
  210284    541030        20
  782957    548730        20
  783437    549204        23
  784119    549886        20
  788199    554488        26
  788406    554695        26
  788511    554800        38
  788717    555006        27
  789024    555313        20
  789303    555592        23
  791707    557993        20
  794891    561055        20
  795875    562036        20
  796875    563045        22
  797467    563639        20
  798353    564527        23
  804630    568811        20
  805420    569601        22
  813715    577515        32
