> gi|108885074|ref|NC_000908.2|
    3412      3388        26
   19067     15287       166
   21020     17250        26
   30035     26261        26
   34078     29651        29
   56770     44232        26
   70569     50005        39
   72157     51593        27
   93051     70392        92
  100493     77611        26
  252102     89920        32
  254097     91386        26
  269014    106262        26
  271631    108844        26
  272065    109278        25
  277261    114422        28
  294969    131973        28
  302965    139964        26
  312268    149211        35
  324924    159041        38
  118278    169975        40
  118313    170011        69
  118390    170088        71
  118462    170160        26
  118502    170200        63
  118573    170271       158
  118733    170431        34
  118801    170499       155
  118959    170657       187
  119156    170854       281
  119456    171154        88
  119573    171271        48
  119623    171321       114
  119741    171441        90
  119997    171667        40
  120034    171706        65
  120100    171772        39
  120238    171910        28
  120267    171939        65
  120379    172051        28
  120412    172084        25
  120473    172145       262
  120755    172427        54
  120810    172482       119
  120930    172602        98
  121029    172701       231
  121263    172937        83
  121347    173021       102
  121450    173124        71
  121553    173227        39
  121639    173314        25
  121680    173355       121
  121802    173477       128
  121937    173616       222
  122168    173847        25
  122274    173953        71
  122346    174025        34
  122419    174098        45
  122465    174144       224
  122745    174424       112
  122884    174567        77
  123039    174725        28
  208382    181686        26
  220202    192117        26
  225041    197157        27
  137782    234064        25
  151305    236116        33
  152448    237236        34
   26172    237359        26
  156291    240145        32
  156359    240213        65
  161664    245476        26
  358263    257178        59
  358361    257259        87
  358452    257349        26
  358479    257376        32
  358554    257461        41
  358654    257558        53
  358710    257615        38
  358779    257685        29
  358836    257742        74
  358911    257818        77
  370295    263989        33
  373079    266419        82
  378240    271428        29
  384527    277649        28
  385556    278678        39
  399627    287035        29
  401426    288834        26
  406338    292075        26
  417181    294562        26
  418723    296095        27
  419111    296483        26
  427575    304892        55
  429451    306759        55
  242079    310607        29
  239687    310787        26
  453260    315301        60
  458855    320903        30
  463896    325946        41
  468334    330318        33
  482285    343884        44
  482364    343964        31
  482405    344005        53
  482459    344059        67
  482567    344170        78
  482646    344248        39
  482686    344288        51
  484024    345677        26
  487390    349124        80
  510108    364270        26
  522861    375943        29
  528002    380902        25
  543291    387903        25
  545969    390980        26
  555142    399868        55
  555198    399924        35
  555255    399981        29
  562094    403170        51
  562174    403251        50
  562270    403341        41
  562312    403383        77
  562395    403467        56
  562470    403543        81
  562556    403627        75
  571473    406181        43
  571552    406262        57
  571742    406450        34
  572172    406890        42
  586251    419812        27
  633619    435801        29
  634254    436436        30
  643236    444398        36
  643910    445075        84
  644290    445509        31
  644970    446178        36
  645019    446229        37
  648912    448783       113
  659698    459530        33
  660542    460363        26
  665323    465148        26
  666544    466369        27
  669664    469488        33
  728706    512010        26
  754575    536350        30
  788199    554488        26
  788406    554695        26
  788511    554800        38
  788717    555006        27
  813715    577515        32
